@ ROUT, 0 : "136", 0, "1", 0, 2, "", 1, 18, -1, 0, 0, 0, 0, 0, 0, 0, 0, 0, 0, 0, 0, 0, 0, 0, 0, 0, 0, 0, 1, 0, 0, 0, 0, 1, 0, 0, 0, 0, 0, 1, 0, -1, 0, 5000, 18000, 0, 8000, "136", 103, 1, 0, 0, 90, 0, 0, 0, 0, 0, 0, 90, 0, 0, 0, 0, 0, 0, 0, 0, 0, 0, "", 0, 0, 0, 0, 0, 0, 0, 0, 0, "", 5, 0, 20, 80, 60, 0, "", "", "ROUT", 0, 1, 1, 0, 0, 0, 0, 0, 0, 0, 0, 0, 0, 0, 0, 0, 0, 2000, 0, 0.1, 0, 0, 0, 1, 110
  @ START_POINT, 0 : 768.085, 381.044, 0
  @ ARC_EPRA, 0 : 768.085+(31.996), 381.044+(-46.777), 43.804, 2, 0, 0, 0, 0, 0, 1
  @ LINE_EP, 0 : 768.085+(31.995), 381.044+(-68.944), 0, 0, 0, 0, 0, 0, 0
  @ LINE_EP, 0 : 768.085+(47.462), 381.044+(-68.944), 0, 0, 0, 0, 0, 0, 0
  @ LINE_EP, 0 : 768.085+(47.461), 381.044+(-84.409), 0, 0, 0, 0, 0, 0, 0
  @ LINE_EP, 0 : 768.085+(68.810), 381.044+(-84.409), 0, 0, 0, 0, 0, 0, 0
  @ ARC_EPRA, 0 : 768.085+(94.243), 381.044+(-101.665), 26.712, 2, 0, 0, 0, 0, 0, 1
  @ ARC_EPRA, 0 : 768.085+(118.213), 381.044+(-141.069), 125.489, 1, 0, 0, 0, 0, 0, 0
  @ ARC_EPRA, 0 : 768.085+(94.242), 381.044+(-180.473), 125.489, 1, 0, 0, 0, 0, 0, 1
  @ ARC_EPRA, 0 : 768.085+(68.809), 381.044+(-197.729), 26.712, 2, 0, 0, 0, 0, 0, 0
  @ LINE_EP, 0 : 768.085+(47.461), 381.044+(-197.729), 0, 0, 0, 0, 0, 0, 0
  @ LINE_EP, 0 : 768.085+(47.461), 381.044+(-213.194), 0, 0, 0, 0, 0, 0, 0
  @ LINE_EP, 0 : 768.085+(31.995), 381.044+(-213.194), 0, 0, 0, 0, 0, 0, 0
  @ LINE_EP, 0 : 768.085+(31.995), 381.044+(-235.361), 0, 0, 0, 0, 0, 0, 0
  @ ARC_EPRA, 0 : 768.085+(-0.001), 381.044+(-282.137), 43.804, 2, 0, 0, 0, 0, 0, 0
  @ LINE_EP, 0 : 768.085+(-0.001), 381.044+(-290.519), 0, 0, 0, 0, 0, 0, 0
  @ LINE_EP, 0 : 768.085+(-16.000), 381.044+(-290.519), 0, 0, 0, 0, 0, 0, 0
  @ LINE_EP, 0 : 768.085+(-16.000), 381.044+(-307.051), 0, 0, 0, 0, 0, 0, 0
  @ LINE_EP, 0 : 768.085+(-550.107), 381.044+(-307.051), 0, 0, 0, 0, 0, 0, 0
  @ LINE_EP, 0 : 768.085+(-550.107), 381.044+(-290.518), 0, 0, 0, 0, 0, 0, 0
  @ LINE_EP, 0 : 768.085+(-566.105), 381.044+(-290.519), 0, 0, 0, 0, 0, 0, 0
  @ LINE_EP, 0 : 768.085+(-566.105), 381.044+(-282.136), 0, 0, 0, 0, 0, 0, 0
  @ ARC_EPRA, 0 : 768.085+(-598.102), 381.044+(-235.360), 43.804, 2, 0, 0, 0, 0, 0, 0
  @ LINE_EP, 0 : 768.085+(-598.102), 381.044+(-213.193), 0, 0, 0, 0, 0, 0, 0
  @ LINE_EP, 0 : 768.085+(-613.567), 381.044+(-213.194), 0, 0, 0, 0, 0, 0, 0
  @ LINE_EP, 0 : 768.085+(-613.567), 381.044+(-197.728), 0, 0, 0, 0, 0, 0, 0
  @ LINE_EP, 0 : 768.085+(-634.915), 381.044+(-197.729), 0, 0, 0, 0, 0, 0, 0
  @ ARC_EPRA, 0 : 768.085+(-660.348), 381.044+(-180.472), 26.712, 2, 0, 0, 0, 0, 0, 0
  @ ARC_EPRA, 0 : 768.085+(-684.318), 381.044+(-141.068), 125.489, 1, 0, 0, 0, 0, 0, 1
  @ ARC_EPRA, 0 : 768.085+(-660.347), 381.044+(-101.664), 125.489, 1, 0, 0, 0, 0, 0, 0
  @ ARC_EPRA, 0 : 768.085+(-634.914), 381.044+(-84.408), 26.712, 2, 0, 0, 0, 0, 0, 1
  @ LINE_EP, 0 : 768.085+(-613.566), 381.044+(-84.409), 0, 0, 0, 0, 0, 0, 0
  @ LINE_EP, 0 : 768.085+(-613.567), 381.044+(-68.943), 0, 0, 0, 0, 0, 0, 0
  @ LINE_EP, 0 : 768.085+(-598.101), 381.044+(-68.944), 0, 0, 0, 0, 0, 0, 0
  @ LINE_EP, 0 : 768.085+(-598.102), 381.044+(-46.776), 0, 0, 0, 0, 0, 0, 0
  @ ARC_EPRA, 0 : 768.085+(-566.104), 381.044+(0.000), 43.804, 2, 0, 0, 0, 0, 0, 1
  @ LINE_EP, 0 : 768.085+(-566.105), 381.044+(8.383), 0, 0, 0, 0, 0, 0, 0
  @ LINE_EP, 0 : 768.085+(-550.106), 381.044+(8.382), 0, 0, 0, 0, 0, 0, 0
  @ LINE_EP, 0 : 768.085+(-550.107), 381.044+(24.914), 0, 0, 0, 0, 0, 0, 0
  @ LINE_EP, 0 : 768.085+(-15.999), 381.044+(24.913), 0, 0, 0, 0, 0, 0, 0
  @ LINE_EP, 0 : 768.085+(-16.000), 381.044+(8.382), 0, 0, 0, 0, 0, 0, 0
  @ LINE_EP, 0 : 768.085+(0.000), 381.044+(8.382), 0, 0, 0, 0, 0, 0, 0
  @ LINE_EP, 0 : 768.085+(-0.001), 381.044+(-0.001), 0, 0, 0, 0, 0, 0, 0
  @ ENDPATH, 0 :

@ ROUT, 0 : "136", 0, "1", 0, 2, "", 1, 18, -1, 0, 0, 0, 0, 0, 0, 0, 0, 0, 0, 0, 0, 0, 0, 0, 0, 0, 0, 0, 1, 0, 0, 0, 0, 1, 0, 0, 0, 0, 0, 1, 0, -1, 0, 5000, 18000, 0, 8000, "136", 103, 1, 0, 0, 90, 0, 0, 0, 0, 0, 0, 90, 0, 0, 0, 0, 0, 0, 0, 0, 0, 0, "", 0, 0, 0, 0, 0, 0, 0, 0, 0, "", 5, 0, 20, 80, 60, 0, "", "", "ROUT", 0, 1, 1, 0, 0, 0, 0, 0, 0, 0, 0, 0, 0, 0, 0, 0, 0, 2000, 0, 0.1, 0, 0, 0, 1, 110
  @ START_POINT, 0 : 785.085, 392.469, 0
  @ ARC_EPRA, 0 : 785.085+(31.996), 392.469+(-59.011), 60.804, 2, 0, 0, 0, 0, 0, 1
  @ LINE_EP, 0 : 785.085+(31.995), 392.469+(-63.369), 0, 0, 0, 0, 0, 0, 0
  @ LINE_EP, 0 : 785.085+(47.462), 392.469+(-63.369), 0, 0, 0, 0, 0, 0, 0
  @ LINE_EP, 0 : 785.085+(47.461), 392.469+(-78.834), 0, 0, 0, 0, 0, 0, 0
  @ LINE_EP, 0 : 785.085+(51.684), 392.469+(-78.834), 0, 0, 0, 0, 0, 0, 0
  @ ARC_EPRA, 0 : 785.085+(93.143), 392.469+(-107.074), 43.712, 2, 0, 0, 0, 0, 0, 1
  @ ARC_EPRA, 0 : 785.085+(125.722), 392.469+(-152.494), 108.489, 1, 0, 0, 0, 0, 0, 0
  @ ARC_EPRA, 0 : 785.085+(93.142), 392.469+(-197.913), 108.489, 1, 0, 0, 0, 0, 0, 1
  @ ARC_EPRA, 0 : 785.085+(51.683), 392.469+(-226.154), 43.712, 2, 0, 0, 0, 0, 0, 0
  @ LINE_EP, 0 : 785.085+(47.461), 392.469+(-226.154), 0, 0, 0, 0, 0, 0, 0
  @ LINE_EP, 0 : 785.085+(47.461), 392.469+(-241.619), 0, 0, 0, 0, 0, 0, 0
  @ LINE_EP, 0 : 785.085+(31.995), 392.469+(-241.619), 0, 0, 0, 0, 0, 0, 0
  @ LINE_EP, 0 : 785.085+(31.995), 392.469+(-245.977), 0, 0, 0, 0, 0, 0, 0
  @ ARC_EPRA, 0 : 785.085+(-0.001), 392.469+(-304.987), 60.804, 2, 0, 0, 0, 0, 0, 0
  @ LINE_EP, 0 : 785.085+(-0.001), 392.469+(-318.944), 0, 0, 0, 0, 0, 0, 0
  @ LINE_EP, 0 : 785.085+(-16.000), 392.469+(-318.944), 0, 0, 0, 0, 0, 0, 0
  @ LINE_EP, 0 : 785.085+(-16.000), 392.469+(-335.476), 0, 0, 0, 0, 0, 0, 0
  @ LINE_EP, 0 : 785.085+(-584.107), 392.469+(-335.476), 0, 0, 0, 0, 0, 0, 0
  @ LINE_EP, 0 : 785.085+(-584.107), 392.469+(-318.943), 0, 0, 0, 0, 0, 0, 0
  @ LINE_EP, 0 : 785.085+(-600.105), 392.469+(-318.944), 0, 0, 0, 0, 0, 0, 0
  @ LINE_EP, 0 : 785.085+(-600.105), 392.469+(-304.986), 0, 0, 0, 0, 0, 0, 0
  @ ARC_EPRA, 0 : 785.085+(-632.102), 392.469+(-245.976), 60.804, 2, 0, 0, 0, 0, 0, 0
  @ LINE_EP, 0 : 785.085+(-632.102), 392.469+(-241.618), 0, 0, 0, 0, 0, 0, 0
  @ LINE_EP, 0 : 785.085+(-647.567), 392.469+(-241.619), 0, 0, 0, 0, 0, 0, 0
  @ LINE_EP, 0 : 785.085+(-647.567), 392.469+(-226.153), 0, 0, 0, 0, 0, 0, 0
  @ LINE_EP, 0 : 785.085+(-651.789), 392.469+(-226.154), 0, 0, 0, 0, 0, 0, 0
  @ ARC_EPRA, 0 : 785.085+(-693.248), 392.469+(-197.912), 43.712, 2, 0, 0, 0, 0, 0, 0
  @ ARC_EPRA, 0 : 785.085+(-725.827), 392.469+(-152.493), 108.489, 1, 0, 0, 0, 0, 0, 1
  @ ARC_EPRA, 0 : 785.085+(-693.247), 392.469+(-107.073), 108.489, 1, 0, 0, 0, 0, 0, 0
  @ ARC_EPRA, 0 : 785.085+(-651.788), 392.469+(-78.833), 43.712, 2, 0, 0, 0, 0, 0, 1
  @ LINE_EP, 0 : 785.085+(-647.566), 392.469+(-78.834), 0, 0, 0, 0, 0, 0, 0
  @ LINE_EP, 0 : 785.085+(-647.567), 392.469+(-63.368), 0, 0, 0, 0, 0, 0, 0
  @ LINE_EP, 0 : 785.085+(-632.101), 392.469+(-63.369), 0, 0, 0, 0, 0, 0, 0
  @ LINE_EP, 0 : 785.085+(-632.102), 392.469+(-59.010), 0, 0, 0, 0, 0, 0, 0
  @ ARC_EPRA, 0 : 785.085+(-600.104), 392.469+(0.000), 60.804, 2, 0, 0, 0, 0, 0, 1
  @ LINE_EP, 0 : 785.085+(-600.105), 392.469+(13.958), 0, 0, 0, 0, 0, 0, 0
  @ LINE_EP, 0 : 785.085+(-584.106), 392.469+(13.957), 0, 0, 0, 0, 0, 0, 0
  @ LINE_EP, 0 : 785.085+(-584.107), 392.469+(30.489), 0, 0, 0, 0, 0, 0, 0
  @ LINE_EP, 0 : 785.085+(-15.999), 392.469+(30.488), 0, 0, 0, 0, 0, 0, 0
  @ LINE_EP, 0 : 785.085+(-16.000), 392.469+(13.957), 0, 0, 0, 0, 0, 0, 0
  @ LINE_EP, 0 : 785.085+(0.000), 392.469+(13.957), 0, 0, 0, 0, 0, 0, 0
  @ LINE_EP, 0 : 785.085+(-0.001), 392.469+(-0.001), 0, 0, 0, 0, 0, 0, 0
  @ ENDPATH, 0 :

@ ROUT, 0 : "136", 0, "1", 0, 2, "", 1, 18, -1, 0, 0, 0, 0, 0, 0, 0, 0, 0, 0, 0, 0, 0, 0, 0, 0, 0, 0, 0, 1, 0, 0, 0, 0, 1, 0, 0, 0, 0, 0, 1, 0, -1, 0, 5000, 18000, 0, 8000, "136", 103, 1, 0, 0, 90, 0, 0, 0, 0, 0, 0, 90, 0, 0, 0, 0, 0, 0, 0, 0, 0, 0, "", 0, 0, 0, 0, 0, 0, 0, 0, 0, "", 5, 0, 20, 80, 60, 0, "", "", "ROUT", 0, 1, 1, 0, 0, 0, 0, 0, 0, 0, 0, 0, 0, 0, 0, 0, 0, 2000, 0, 0.1, 0, 0, 0, 1, 110
  @ START_POINT, 0 : 479.719, 488, 0
  @ LINE_EP, 0 : 479.719+(-269.719), 488+(0.000), 0, 0, 0, 0, 0, 0, 0
  @ ARC_EPRA, 0 : 479.719+(-271.719), 488+(2.000), 2, 2, 0, 0, 0, 0, 0, 0
  @ LINE_EP, 0 : 479.719+(-271.719), 488+(172.000), 0, 0, 0, 0, 0, 0, 0
  @ ARC_EPRA, 0 : 479.719+(-185.580), 488+(257.671), 85.673, 2, 0, 0, 0, 0, 0, 1
  @ ARC_EPRA, 0 : 479.719+(2.400), 488+(337.007), 259.034, 1, 0, 0, 0, 0, 0, 0
  @ ARC_EPRA, 0 : 479.719+(8.163), 488+(337.006), 4, 2, 0, 0, 0, 0, 0, 1
  @ ARC_EPRA, 0 : 479.719+(196.143), 488+(257.670), 259.034, 1, 0, 0, 0, 0, 0, 0
  @ ARC_EPRA, 0 : 479.719+(282.282), 488+(171.999), 85.673, 2, 0, 0, 0, 0, 0, 1
  @ LINE_EP, 0 : 479.719+(282.281), 488+(1.999), 0, 0, 0, 0, 0, 0, 0
  @ ARC_EPRA, 0 : 479.719+(280.281), 488+(-0.001), 2, 2, 0, 0, 0, 0, 0, 0
  @ LINE_EP, 0 : 479.719+(-0.001), 488+(-0.001), 0, 0, 0, 0, 0, 0, 0
  @ ENDPATH, 0 :

