@ ROUT, 0 : "136", 0, "1", 0, 1.5, "", 1, 18, -1, 0, 0, 0, 0, 0, 0, 0, 0, 0, 0, 0, 0, 0, 0, 0, 0, 0, 0, 0, 1, 0, 0, 0, 0, 1, 0, 0, 0, 0, 0, 1, 0, -1, 0, 5000, 18000, 0, 8000, "136", 103, 1, 0, 0, 90, 0, 0, 0, 0, 0, 0, 90, 0, 0, 0, 0, 0, 0, 0, 0, 0, 0, "", 0, 0, 0, 0, 0, 0, 0, 0, 0, "", 5, 0, 20, 80, 60, 0, "", "", "ROUT", 0, 1, 1, 0, 0, 0, 0, 0, 0, 0, 0, 0, 0, 0, 0, 0, 0, 2000, 0, 0.1, 0, 0, 0, 1, 110
  @ START_POINT, 0 : 1044.2320, 628.2160, 0
  @ LINE_EP, 0 : 1096.0260, 540.3000, 0, 0, 0, 0, 0, 0, 0
  @ LINE_EP, 0 : 1096.0250, 521.4010, 0, 0, 0, 0, 0, 0, 0
  @ LINE_EP, 0 : 1121.0610, 521.4010, 0, 0, 0, 0, 0, 0, 0
  @ LINE_EP, 0 : 1121.0600, 496.3670, 0, 0, 0, 0, 0, 0, 0
  @ LINE_EP, 0 : 1139.3050, 496.3670, 0, 0, 0, 0, 0, 0, 0
  @ LINE_EP, 0 : 1195.7410, 457.9740, 0, 0, 0, 0, 0, 0, 0
  @ LINE_EP, 0 : 1241.9680, 388.4610, 0, 0, 0, 0, 0, 0, 0
  @ LINE_EP, 0 : 1195.7400, 318.9470, 0, 0, 0, 0, 0, 0, 0
  @ LINE_EP, 0 : 1139.3040, 280.5550, 0, 0, 0, 0, 0, 0, 0
  @ LINE_EP, 0 : 1121.0600, 280.5550, 0, 0, 0, 0, 0, 0, 0
  @ LINE_EP, 0 : 1121.0600, 255.5210, 0, 0, 0, 0, 0, 0, 0
  @ LINE_EP, 0 : 1096.0250, 255.5210, 0, 0, 0, 0, 0, 0, 0
  @ LINE_EP, 0 : 1096.0250, 236.6220, 0, 0, 0, 0, 0, 0, 0
  @ LINE_EP, 0 : 1044.2310, 148.7070, 0, 0, 0, 0, 0, 0, 0
  @ LINE_EP, 0 : 1044.2310, 130.3500, 0, 0, 0, 0, 0, 0, 0
  @ LINE_EP, 0 : 1018.3330, 130.3500, 0, 0, 0, 0, 0, 0, 0
  @ LINE_EP, 0 : 1018.3330, 112.2220, 0, 0, 0, 0, 0, 0, 0
  @ LINE_EP, 0 : 1009.7010, 103.5890, 0, 0, 0, 0, 0, 0, 0
  @ LINE_EP, 0 : 345.2980, 103.5890, 0, 0, 0, 0, 0, 0, 0
  @ LINE_EP, 0 : 336.6660, 112.2230, 0, 0, 0, 0, 0, 0, 0
  @ LINE_EP, 0 : 336.6660, 130.3510, 0, 0, 0, 0, 0, 0, 0
  @ LINE_EP, 0 : 310.7680, 130.3500, 0, 0, 0, 0, 0, 0, 0
  @ LINE_EP, 0 : 310.7680, 148.7080, 0, 0, 0, 0, 0, 0, 0
  @ LINE_EP, 0 : 258.9740, 236.6230, 0, 0, 0, 0, 0, 0, 0
  @ LINE_EP, 0 : 258.9740, 255.5220, 0, 0, 0, 0, 0, 0, 0
  @ LINE_EP, 0 : 233.9390, 255.5210, 0, 0, 0, 0, 0, 0, 0
  @ LINE_EP, 0 : 233.9390, 280.5560, 0, 0, 0, 0, 0, 0, 0
  @ LINE_EP, 0 : 215.6950, 280.5550, 0, 0, 0, 0, 0, 0, 0
  @ LINE_EP, 0 : 159.2590, 318.9480, 0, 0, 0, 0, 0, 0, 0
  @ LINE_EP, 0 : 113.0320, 388.4620, 0, 0, 0, 0, 0, 0, 0
  @ LINE_EP, 0 : 159.2600, 457.9750, 0, 0, 0, 0, 0, 0, 0
  @ LINE_EP, 0 : 215.6960, 496.3680, 0, 0, 0, 0, 0, 0, 0
  @ LINE_EP, 0 : 233.9400, 496.3670, 0, 0, 0, 0, 0, 0, 0
  @ LINE_EP, 0 : 233.9390, 521.4020, 0, 0, 0, 0, 0, 0, 0
  @ LINE_EP, 0 : 258.9750, 521.4010, 0, 0, 0, 0, 0, 0, 0
  @ LINE_EP, 0 : 258.9740, 540.3010, 0, 0, 0, 0, 0, 0, 0
  @ LINE_EP, 0 : 310.7690, 628.2160, 0, 0, 0, 0, 0, 0, 0
  @ LINE_EP, 0 : 310.7680, 646.5730, 0, 0, 0, 0, 0, 0, 0
  @ LINE_EP, 0 : 336.6670, 646.5720, 0, 0, 0, 0, 0, 0, 0
  @ LINE_EP, 0 : 336.6660, 664.7010, 0, 0, 0, 0, 0, 0, 0
  @ LINE_EP, 0 : 345.2990, 673.3330, 0, 0, 0, 0, 0, 0, 0
  @ LINE_EP, 0 : 1009.7020, 673.3320, 0, 0, 0, 0, 0, 0, 0
  @ LINE_EP, 0 : 1018.3340, 664.7000, 0, 0, 0, 0, 0, 0, 0
  @ LINE_EP, 0 : 1018.3330, 646.5720, 0, 0, 0, 0, 0, 0, 0
  @ LINE_EP, 0 : 1044.2320, 646.5720, 0, 0, 0, 0, 0, 0, 0
  @ LINE_EP, 0 : 1044.2310, 628.2150, 0, 0, 0, 0, 0, 0, 0
  @ ENDPATH, 0 :
